# Metal parity snapshot - generated by scripts/update_metal_golden.sh (mean of 3 seeds); do not edit by hand.
# id  R G B  then the 4x4 block means (row-major) of the Metal image.
A1 0.183241 0.162424 0.148765 0.035543 0.757154 0.743615 0.035143 0.060383 0.160336 0.178349 0.063688 0.036055 0.050761 0.142622 0.052545 0.047284 0.089635 0.119219 0.064620
A2 0.344199 0.393206 0.449590 0.732571 0.468138 0.593266 0.642886 0.260874 0.452802 0.365382 0.370049 0.272342 0.300324 0.219108 0.209987 0.373641 0.403040 0.304293 0.361942
A3 0.315496 0.284144 0.162441 0.349811 0.307289 0.353238 0.353363 0.267521 0.288702 0.274375 0.300623 0.133586 0.108763 0.127552 0.192661 0.235605 0.250420 0.258962 0.261959
A5 0.599683 0.653624 0.802118 0.676881 0.620618 0.608494 0.686139 0.768518 0.647295 0.548530 0.836656 0.657230 0.591514 0.606926 0.698524 0.752137 0.751697 0.754715 0.756389
A6 0.662123 0.715692 0.825202 0.806334 0.496512 0.489897 0.806617 0.467701 1.683310 1.691270 0.491053 0.446504 0.601171 0.605543 0.483989 0.806527 0.528920 0.535220 0.808862
A7 0.455181 0.268154 0.192656 0.000000 1.537109 1.537842 0.000000 0.000000 0.094275 0.143374 0.378530 0.053949 0.060152 0.132376 0.552639 0.074137 0.087059 0.108802 0.125039
A8 0.656514 0.596725 0.541515 0.117642 2.589410 2.591509 0.126248 0.208393 0.622697 0.626045 0.222873 0.157129 0.498582 0.474318 0.172917 0.213065 0.362351 0.352909 0.235929
A9 0.477580 0.499455 0.469290 1.545534 3.552360 1.353732 0.024604 0.028448 0.144036 0.237820 0.032020 0.052346 0.086769 0.054812 0.055554 0.095356 0.116250 0.189490 0.144593
B1 0.931521 0.922325 0.905386 2.853438 3.234050 3.235039 2.850484 0.282814 0.374320 0.319133 0.207872 0.237223 0.286719 0.282943 0.234280 0.077381 0.081388 0.081401 0.077413
B10 0.938861 0.930260 0.929014 2.982760 3.315919 3.317214 2.986340 0.203654 0.241276 0.267368 0.363007 0.196017 0.232935 0.234435 0.207973 0.091887 0.095335 0.095276 0.091993
B11 0.127337 0.121339 0.126657 0.127659 0.165805 0.165605 0.127313 0.144344 0.216232 0.195209 0.174897 0.120587 0.221398 0.173459 0.151425 0.004430 0.004382 0.004586 0.004442
B12 0.169064 0.152970 0.143817 0.033368 0.747356 0.736930 0.033575 0.057952 0.154515 0.170609 0.061540 0.035981 0.056852 0.110257 0.050677 0.046683 0.089493 0.037982 0.060761
B13 0.128931 0.113280 0.105359 0.020316 0.578061 0.576871 0.022475 0.043195 0.130645 0.130955 0.046881 0.024473 0.041356 0.078428 0.037533 0.025037 0.030040 0.033788 0.033654
B14 0.104273 0.103834 0.102560 0.000000 0.683241 0.687389 0.000000 0.007357 0.014104 0.013958 0.007367 0.034031 0.042483 0.042379 0.034048 0.021976 0.023285 0.023237 0.022040
B15 0.220850 0.161222 0.077460 0.033931 0.671487 0.659905 0.028468 0.068625 0.159047 0.156047 0.054278 0.057338 0.120044 0.114073 0.044989 0.067613 0.078218 0.075369 0.061406
B16 0.211011 0.161139 0.078224 0.032304 0.664195 0.661461 0.027939 0.065764 0.154208 0.149120 0.052795 0.052870 0.112563 0.109583 0.043213 0.064793 0.044884 0.104826 0.061475
B18 0.376948 0.367716 0.356800 0.400003 0.400003 0.400003 0.400003 0.327129 0.360399 0.359349 0.286592 0.329964 0.362105 0.360907 0.288001 0.400003 0.400003 0.400003 0.400003
B2 0.191961 0.172754 0.157242 0.056067 0.772215 0.751930 0.051791 0.072899 0.175155 0.187672 0.073920 0.047245 0.067919 0.138032 0.063621 0.066951 0.112885 0.064154 0.081314
B20 1.046767 0.820371 0.713507 0.723112 1.474394 1.474619 0.723322 1.070459 0.804745 1.160635 0.762856 1.098466 0.832615 1.254980 0.733809 0.410627 0.413501 0.413227 0.412068
B22 0.231724 0.176107 0.094196 0.035301 0.740325 0.737290 0.030420 0.070258 0.161447 0.159197 0.057200 0.057658 0.122451 0.134576 0.047528 0.068590 0.094101 0.096674 0.064461
B23 0.564215 0.564215 0.564215 0.576055 0.858349 0.858326 0.858247 0.445131 0.324470 0.324346 0.723522 0.341689 0.097743 0.097813 0.614885 0.553198 0.765375 0.765721 0.822570
B24 0.589918 0.589918 0.589918 0.575913 0.858322 0.858313 0.858214 0.469741 0.420410 0.441044 0.754568 0.370590 0.255034 0.271896 0.644225 0.514404 0.679635 0.684421 0.781952
B25 0.435245 0.435245 0.478773 0.516668 0.516668 0.516668 0.516668 0.472038 0.471727 0.469704 0.470258 0.338140 0.333121 0.330922 0.334770 0.477174 0.477126 0.477194 0.477229
B3 0.178187 0.158678 0.145145 0.034994 0.751063 0.742936 0.034253 0.060034 0.158624 0.177197 0.063205 0.035899 0.048287 0.120717 0.051976 0.046918 0.087784 0.092957 0.063871
B4 0.198595 0.177743 0.161340 0.059786 0.790375 0.757372 0.052066 0.074638 0.180833 0.188901 0.074972 0.049313 0.074715 0.153349 0.065669 0.068920 0.124014 0.069552 0.083147
B5 0.161325 0.141121 0.130745 0.025992 0.730220 0.729390 0.028957 0.053706 0.127658 0.161128 0.059099 0.031792 0.018571 0.092267 0.047455 0.043548 0.069286 0.032987 0.058294
B6 0.172931 0.152712 0.138219 0.038569 0.637149 0.693770 0.034755 0.063601 0.157298 0.170754 0.060721 0.038346 0.060217 0.128451 0.051232 0.054290 0.101862 0.120460 0.062459
B7 0.177595 0.155711 0.144402 0.045590 0.746805 0.743722 0.047369 0.064853 0.139419 0.172607 0.069823 0.042112 0.027427 0.110629 0.058647 0.062102 0.087254 0.052306 0.077111
B8 0.178984 0.157311 0.140841 0.035511 0.756054 0.743260 0.035154 0.060366 0.159775 0.179310 0.064322 0.036228 0.052294 0.119348 0.053211 0.047173 0.088285 0.050793 0.063643
B9 0.180670 0.160682 0.146429 0.036860 0.757595 0.747406 0.037181 0.061175 0.162361 0.183472 0.065916 0.036921 0.061283 0.139057 0.055206 0.048081 0.092992 0.050874 0.065121
C1 0.169766 0.408404 0.444467 0.523484 0.522891 0.522891 0.523489 0.458866 0.462683 0.472794 0.470351 0.168266 0.164894 0.203133 0.215071 0.186378 0.186228 0.186369 0.186276
C10 0.019102 0.011331 0.009527 0.000000 0.000000 0.000000 0.000000 0.010708 0.021513 0.022183 0.011424 0.030008 0.040303 0.041342 0.031698 0.000864 0.001073 0.001083 0.000920
C11 0.045112 0.022600 0.027282 0.000000 0.000000 0.000000 0.000000 0.050723 0.031462 0.268042 0.015705 0.010845 0.005995 0.057384 0.066323 0.000029 0.000025 0.000018 0.000085
C12 0.485481 0.538245 0.690739 0.733335 0.733335 0.733335 0.733335 0.732244 0.672190 0.672025 0.728227 0.526838 0.358133 0.300001 0.479998 0.436837 0.435424 0.434010 0.434546
C13 0.502819 0.502819 0.513991 0.000000 0.000000 0.000000 0.000000 0.225854 0.205507 0.133779 1.338354 0.384172 0.326096 0.389392 4.746234 0.111923 0.100559 0.089300 0.053516
C14 0.260408 0.248306 0.284657 0.220518 0.275772 0.278167 0.219138 0.356663 0.817927 0.858378 0.324802 0.126347 0.134019 0.134516 0.127788 0.088720 0.089557 0.090102 0.088902
C15 0.375217 0.321249 0.216907 0.117240 1.041435 1.020811 0.117824 0.250088 0.295024 0.300004 0.252547 0.203084 0.209800 0.210963 0.204999 0.164273 0.158188 0.158854 0.166187
C16 0.016130 0.011848 0.009842 0.000000 0.000000 0.000000 0.000000 0.009638 0.019888 0.021469 0.011305 0.027247 0.037462 0.039806 0.031158 0.000790 0.001005 0.001037 0.000899
C17 0.615842 0.587299 0.560442 0.998492 0.999028 0.999030 0.998463 0.332051 0.666486 0.666403 0.331476 0.263393 0.630409 0.629915 0.263544 0.398527 0.414675 0.415000 0.398885
C18 0.250409 0.250409 0.250409 0.000000 0.000000 0.000000 0.294843 0.157501 0.844352 0.837892 0.205598 0.117149 0.599658 0.612307 0.148986 0.022265 0.067245 0.069216 0.029540
C19 0.203273 0.198485 0.178431 0.000000 0.000000 0.000000 0.000000 0.198761 0.632965 0.601087 0.107847 0.344631 0.407389 0.615902 0.185758 0.000000 0.000000 0.000000 0.000000
C2 0.068273 0.058512 0.051168 0.019511 0.041564 0.044608 0.021763 0.012602 0.031198 0.043653 0.017333 0.013626 0.268792 0.103444 0.022436 0.038615 0.176818 0.059385 0.033732
C20 2.182393 2.184815 1.095681 4.978217 3.960322 3.957135 4.976261 1.876368 1.225107 1.226387 1.884025 0.739639 0.919724 0.918356 0.741504 0.417298 0.447356 0.448771 0.418939
C3 0.181422 0.193519 0.153908 0.655737 0.695191 0.598943 0.204177 0.093501 0.046407 0.044412 0.030813 0.058828 0.071047 0.070734 0.026390 0.057889 0.074935 0.052388 0.039136
C4 1.325021 1.125674 0.896440 0.472657 3.328582 3.338141 0.509525 0.612164 1.936533 1.920208 0.674551 0.375803 1.214799 1.044604 0.451885 0.445701 0.694428 0.338669 0.493135
C5 0.811590 0.641467 0.437960 0.286268 2.109139 2.107516 0.321200 0.317889 1.028116 1.027996 0.371186 0.190431 0.589899 0.523140 0.238473 0.216126 0.338332 0.174133 0.245576
C6 0.071352 0.065110 0.062848 0.016052 0.037228 0.037192 0.016578 0.013206 0.262190 0.263256 0.015382 0.008227 0.163887 0.177017 0.015017 0.006429 0.011300 0.006742 0.013281
C7 0.201293 0.218957 0.262168 0.233728 0.244242 0.243524 0.226439 0.137942 0.286974 0.285216 0.127782 0.138251 0.279595 0.323959 0.124686 0.232719 0.240023 0.294185 0.220299
C8 0.349428 0.308396 0.178310 0.161614 0.692837 0.842736 0.393101 0.145316 0.239063 0.259949 0.180536 0.116181 0.163042 0.189120 0.095498 0.241483 0.288121 0.279695 0.171091
C9 0.000623 0.000423 0.000628 0.000001 0.000001 0.000000 0.000000 0.001301 0.001017 0.001360 0.002403 0.000531 0.000438 0.000528 0.001054 0.000082 0.000089 0.000072 0.000053
D1 0.509569 0.595338 0.698637 0.833336 0.833336 0.833336 0.833336 0.705820 0.726552 0.709431 0.704286 0.405056 0.425775 0.411604 0.387522 0.451502 0.453374 0.451186 0.453447
D10 0.128698 0.103520 0.048749 0.041197 0.092323 0.093100 0.042318 0.092510 0.189897 0.190719 0.093965 0.081942 0.139806 0.141900 0.079302 0.051064 0.054440 0.065461 0.048545
D11 0.367652 0.284818 0.139430 0.103587 0.000691 0.000692 0.103800 0.052492 0.776959 0.776290 0.069486 0.058693 0.804639 0.807910 0.075996 0.133365 0.156906 0.156683 0.145281
D12 0.087269 0.064997 0.035574 0.069441 0.071943 0.072934 0.067345 0.067638 0.073616 0.072585 0.070245 0.064172 0.074235 0.074447 0.067314 0.033290 0.043778 0.044416 0.034413
D13 0.183241 0.162424 0.148765 0.035543 0.757154 0.743615 0.035143 0.060383 0.160336 0.178349 0.063688 0.036055 0.050761 0.142622 0.052545 0.047284 0.089635 0.119219 0.064620
D2 0.255436 0.339995 0.523136 0.400534 0.405396 0.400136 0.406576 0.385526 0.385617 0.377342 0.379181 0.303499 0.303328 0.309084 0.308388 0.402559 0.404208 0.395849 0.398465
D3 1.028470 1.178084 1.325733 3.654417 3.655469 3.648105 3.654578 0.522024 0.521743 0.521964 0.521812 0.233497 0.233272 0.233348 0.233377 0.301179 0.301735 0.301271 0.301076
D4 0.010120 0.009237 0.009197 0.000000 0.000000 0.000000 0.000000 0.003419 0.004893 0.000028 0.000010 0.011525 0.016934 0.026589 0.017638 0.016581 0.018136 0.020745 0.015786
D5 0.183207 0.162325 0.148644 0.035641 0.756037 0.744883 0.035417 0.060560 0.160161 0.178277 0.063739 0.036013 0.050180 0.142873 0.052678 0.047273 0.089231 0.118134 0.064513
D6 0.104151 0.090554 0.082891 0.048809 0.114275 0.120872 0.053763 0.104334 0.215298 0.182817 0.099116 0.088910 0.155256 0.048077 0.058355 0.054716 0.085034 0.037721 0.013158
D7 1.224696 1.197436 1.190401 4.597432 4.592279 4.445952 4.452455 0.076289 0.075445 0.030928 0.028837 0.068675 0.071392 0.026756 0.027344 0.067677 0.131457 0.425998 0.147928
D8 0.033968 0.028837 0.026687 0.019224 0.040370 0.042420 0.021270 0.033839 0.061224 0.045769 0.026885 0.028734 0.042630 0.016995 0.014721 0.027365 0.036895 0.012023 0.006925
D9 0.213188 0.162447 0.078837 0.033854 0.665430 0.668226 0.029286 0.066960 0.156613 0.154935 0.054551 0.054869 0.117683 0.117297 0.045857 0.067302 0.099671 0.035939 0.055378
E1 0.206647 0.194976 0.182477 0.051623 0.890115 0.889707 0.054527 0.070781 0.303554 0.303981 0.074665 0.037270 0.109010 0.109517 0.039339 0.029270 0.060806 0.060050 0.030982
E10 0.225543 0.223533 0.213139 0.131593 0.835151 0.830538 0.130800 0.121283 0.412591 0.415071 0.122827 0.082855 0.096938 0.112116 0.094959 0.035770 0.036814 0.036637 0.035873
E11 0.130081 0.133559 0.130150 0.000000 0.914685 0.914454 0.000000 0.001409 0.109009 0.108216 0.000946 0.000023 0.025473 0.025975 0.000023 0.000000 0.000000 0.000000 0.000000
E12 0.109221 0.116065 0.113437 0.000000 0.795694 0.793696 0.000000 0.001231 0.067694 0.068183 0.001237 0.000034 0.039711 0.039019 0.000027 0.000000 0.000000 0.000000 0.000000
E2 0.340546 0.508732 0.632467 0.733337 0.733337 0.733337 0.733337 0.716135 0.709843 0.709877 0.716047 0.277524 0.209170 0.209297 0.288145 0.283311 0.283308 0.283315 0.283317
E3 0.323830 0.483845 0.606873 0.733337 0.733337 0.733337 0.733337 0.616393 0.620711 0.610437 0.580153 0.313512 0.277664 0.248747 0.217035 0.281718 0.281534 0.281474 0.281535
E4 0.338667 0.505462 0.631056 0.733337 0.733337 0.733337 0.733337 0.733189 0.631573 0.636091 0.733170 0.301874 0.231925 0.235053 0.306816 0.281342 0.280941 0.280982 0.281350
E5 0.536541 0.625951 0.804783 0.733338 0.733338 0.733338 0.733338 0.733338 0.733338 0.733338 0.733338 0.733338 0.733338 0.733338 0.733338 0.414977 0.419129 0.425608 0.432365
E6 0.119325 0.119325 0.119325 0.000000 0.762105 0.760574 0.000000 0.043525 0.131099 0.131126 0.043225 0.004262 0.014635 0.014444 0.004202 0.000000 0.000000 0.000000 0.000000
E7 0.451358 0.526340 0.677177 0.733338 0.733338 0.733338 0.733338 0.733338 0.223518 0.223748 0.733338 0.733338 0.255792 0.255888 0.733338 0.502131 0.497852 0.497672 0.502694
E8 0.537974 0.627622 0.806930 0.733338 0.733338 0.733338 0.733338 0.733338 0.733338 0.733338 0.733338 0.733338 0.733338 0.733338 0.733338 0.430169 0.430037 0.430068 0.429807
E9 0.537977 0.627625 0.806934 0.733338 0.733338 0.733338 0.733338 0.733338 0.733338 0.733338 0.733338 0.733338 0.733338 0.733338 0.733338 0.430159 0.430050 0.430084 0.429846
F1 0.165668 0.161256 0.164408 0.029729 0.725319 0.727708 0.029043 0.056417 0.176592 0.209382 0.057664 0.041032 0.134462 0.127620 0.041286 0.059656 0.071734 0.071293 0.061498
F10 0.161583 0.124565 0.065814 0.014220 0.665262 0.667799 0.013514 0.010479 0.137233 0.138487 0.010596 0.009238 0.044200 0.044310 0.009638 0.013133 0.042710 0.043095 0.013217
F11 0.374151 0.366208 0.418158 0.416669 0.416669 0.416669 0.416669 0.372927 0.404011 0.416669 0.416669 0.252186 0.304740 0.347064 0.331518 0.416578 0.416585 0.416578 0.416553
F12 0.373670 0.376529 0.423310 0.416669 0.416669 0.416669 0.416669 0.403199 0.416669 0.402888 0.416586 0.309538 0.346238 0.302657 0.327966 0.416583 0.416588 0.416578 0.416551
F13 0.928545 0.928545 0.936697 0.172904 0.150096 0.074524 0.110243 0.146991 0.329242 1.328418 5.083263 0.146965 0.329594 1.327464 5.090448 0.193446 0.174961 0.112505 0.129136
F14 0.427581 0.426758 0.476130 0.366668 0.366668 0.366668 0.366668 0.354484 0.346014 1.948568 0.366668 0.269550 0.277997 0.295138 0.304072 0.366668 0.366668 0.366668 0.366668
F2 0.106756 0.095631 0.091705 0.060000 0.068715 0.068575 0.060000 0.045139 0.208400 0.209588 0.045237 0.100353 0.065022 0.065086 0.099855 0.148221 0.084958 0.085727 0.153609
F3 0.227652 0.171808 0.081703 0.033933 0.659356 0.656375 0.029236 0.068263 0.158513 0.156143 0.054947 0.057969 0.130294 0.128119 0.046977 0.067364 0.128971 0.128301 0.061443
F4 0.382295 0.375721 0.377164 0.048334 0.048334 0.048334 0.048334 0.080140 0.104479 0.128547 0.087217 0.717861 0.610179 0.530290 0.693815 0.707065 0.811313 0.681662 0.708391
F5 0.593123 0.548679 0.593112 0.698667 0.683866 0.668563 0.698491 0.683831 0.545746 0.232732 0.680035 0.668633 0.232793 0.049400 0.666521 0.698510 0.680167 0.666521 0.698396
F6 0.227741 0.171452 0.081036 0.034679 0.672457 0.663499 0.029726 0.067833 0.157513 0.155085 0.054591 0.057121 0.128317 0.125905 0.046013 0.068825 0.119075 0.117270 0.063308
F7 0.755407 0.773902 0.822876 0.565159 0.567403 0.566278 0.568851 0.455712 0.491369 0.508355 0.551724 0.817537 0.945715 0.921789 0.941081 1.110667 1.198522 1.182574 1.152249
F8 1.134864 0.939505 0.853996 0.568097 0.567260 0.572974 0.574650 0.591759 0.630687 0.817694 0.816989 1.174340 1.295533 1.604572 1.302842 1.274052 1.311705 1.300368 1.214429
F9 0.593425 0.548925 0.593896 0.698664 0.684047 0.668757 0.698482 0.683920 0.548804 0.235831 0.680374 0.668525 0.232815 0.049696 0.666548 0.698509 0.680004 0.666620 0.698387
J1 0.780102 0.672130 0.686926 1.000000 1.000000 1.000000 1.000000 0.641782 0.414033 0.597956 0.258108 0.481987 0.274308 0.510888 0.229783 1.000000 1.000000 1.000000 1.000000
J2 0.275403 0.272985 0.273697 0.000000 0.000000 0.000000 0.000000 1.865584 0.006659 0.297411 0.042547 1.858011 0.001085 0.291824 0.021332 0.000000 0.000000 0.000000 0.000000
J3 0.763214 0.768872 0.726092 1.000000 1.000000 1.000000 1.000000 0.532799 0.369990 0.680848 0.531470 0.471753 0.263235 0.680711 0.512813 1.000000 1.000000 1.000000 1.000000
J4 0.913231 0.817036 0.832091 1.000000 1.000000 1.000000 1.000000 0.864313 0.721296 0.750712 0.860583 0.640994 0.577218 0.610933 0.639858 1.000000 1.000000 1.000000 1.000000
J5 0.833692 0.820953 0.819263 1.000000 1.000000 1.000000 1.000000 0.759223 0.713616 0.592090 0.715825 0.718532 0.646438 0.444940 0.603509 1.000000 1.000000 1.000000 1.000000
J6 0.768541 0.704846 0.684645 1.000000 1.000000 1.000000 1.000000 0.472110 0.392331 0.644341 0.315231 0.440380 0.370270 0.597342 0.277503 1.000000 1.000000 1.000000 1.000000
